0.568189714	0.506355357	0.509052322
0.50686185	0.510714318	0.509948762
0.485341639	0.520998237	0.481468818
0.519760727	0.514906441	0.492299808
0.682749284	0.669387488	0.675802197
0.493899004	0.491371063	0.492295791
0.798308633	0.78486667	0.804133703
0.683624032	0.672134381	0.708528548
0.810037327	0.81050324	0.812892748
0.747877758	0.73402029	0.741811998
0.576683521	0.945377607	0.975107433
0.588093654	0.948422722	0.966571963
0.817619885	0.750367592	0.799228812
0.646078616	0.648701654	0.655992946
0.177040686	0.845773029	0.903046541
0.873025582	0.84880198	0.886495874
0.899948742	0.854575583	0.891507009
0.342600901	0.922897306	0.926245727
0.063819454	0.441211433	0.437323055
0.029047363	0.410386648	0.489872578
0.049939342	0.485171187	0.508234531
0.939580191	0.927006556	0.937296694
0.769272407	0.747871296	0.750741468
0.942064304	0.937824613	0.93454511
0.106827385	0.301377648	0.318146659
0.028675898	0.426684794	0.493410903
