0.291878605	0.3516806	0.342914024
0.366539703	0.361535788	0.37557289
0.374532952	0.346446078	0.373248911
0.34421207	0.361612921	0.370144362
0.18585695	0.189851934	0.186679768
0.748836028	0.761715376	0.773946911
0.448015378	0.472515791	0.441079022
0.238781646	0.259697523	0.20856995
0.544612126	0.538026845	0.539793116
0.303201876	0.315507978	0.306551005
0.246560791	0.024148776	0.014196569
0.346909417	0.03972672	0.023122022
0.173001524	0.21810883	0.190434916
0.633161852	0.638455483	0.639877139
0.503275626	0.046087834	0.033357395
0.046423782	0.066108697	0.04290933
0.058158971	0.080199074	0.062602708
0.323496026	0.03671739	0.034544627
0.640767575	0.171531965	0.171812028
0.706842478	0.222787499	0.197274028
0.534952594	0.288583812	0.251351271
0.067953336	0.073882563	0.070768737
0.435420535	0.447473754	0.466851209
0.183824144	0.185618238	0.187285836
0.464494699	0.282758762	0.287811357
0.651632757	0.203868309	0.179691582
