0.202526218	0.187919316	0.218240301
0.188342029	0.188310418	0.223367601
0.20418573	0.191755174	0.226470588
0.192178818	0.188032125	0.214813389
0.05377193	0.053707305	0.053467844
0.142805844	0.139437773	0.139681057
0.296604584	0.296919315	0.288280379
0.042551326	0.039568284	0.033720047
0.485645065	0.332710917	0.316567163
0.154347895	0.153460898	0.154606737
0.130754098	0.028694715	0.013657662
0.247615008	0.043447874	0.032768533
0.161661157	0.209273986	0.165417426
0.558318497	0.169278648	0.14898644
0.027687509	0.01189167	0.01058521
0.142568664	0.044578719	0.038991539
0.257575355	0.10908896	0.073740125
0.040936372	0.0245791	0.015360308
0.012056414	0.011712755	0.011390222
0.010627509	0.009879284	0.009454159
0.01624341	0.016057014	0.015105582
0.049592852	0.057005406	0.050129441
0.357215789	0.220493652	0.196795821
0.511716336	0.127724046	0.12222879
0.009417313	0.009397069	0.009543023
0.009754967	0.009194711	0.008695441
