0.321867429	0.393766306	0.380560932
0.403129064	0.399205724	0.417741624
0.407030433	0.378276144	0.412007149
0.376238324	0.39572374	0.409363395
0.1534418	0.160633645	0.154507304
0.184195611	0.185612369	0.187969082
0.201628892	0.217465624	0.201176108
0.118150434	0.13155964	0.089246806
0.218205792	0.218730377	0.213008143
0.154513428	0.16487128	0.157179163
0.272943723	0.020684509	0.009302319
0.460911902	0.050014712	0.028239647
0.147844886	0.20538933	0.167755655
0.176300742	0.178738528	0.177457725
0.453773612	0.029966971	0.019348144
0.041096969	0.061967643	0.038291539
0.053364686	0.079264284	0.058300803
0.330635112	0.029877111	0.028666686
0.506071836	0.094217999	0.0949352
0.544832732	0.109178344	0.093988924
0.403847467	0.167821796	0.144987926
0.035363946	0.041823374	0.037504705
0.158477017	0.174219276	0.17589873
0.060885137	0.064322563	0.066854551
0.246891134	0.119469371	0.122351226
0.517621347	0.104354148	0.089175975
